Cwd: /home/friedrich/_ Rucksack/Entwicklung/2010/upy.git/test/studies
Command: python arccosh.py

Investigating behaviour with complex univariate input ...
NOK (-0.932,  0.869) (-1.000, -0.000)
NOK (-0.388, -1.004) (-1.000,  0.000)
NOK (-0.877, -0.175) (-1.000,  0.000)
NOK (-0.689, -0.804) (-1.000,  0.000)
OK  ( 1.144,  0.087)
NOK (-1.873, -0.425) (-1.000, -0.000)
OK  ( 0.235, -1.580)
NOK (-1.258, -0.939) (-1.000,  0.000)
NOK (-0.894, -0.514) (-1.000,  0.000)
OK  ( 0.747, -0.606)
OK  ( 0.200, -0.472)
NOK (-0.023, -0.074) (-1.000,  0.000)
NOK (-0.029,  0.666) (-1.000, -0.000)
OK  ( 1.801, -0.138)
OK  ( 0.300, -0.818)
OK  ( 0.532, -0.594)
OK  ( 0.052, -0.276)
OK  ( 2.164,  0.374)
OK  ( 0.628, -0.975)
NOK (-1.031, -0.140) (-1.000,  0.000)
NOK (-0.855, -2.281) (-1.000,  0.000)
OK  ( 0.645, -0.539)
NOK (-1.109,  0.746) (-1.000, -0.000)
OK  ( 0.202,  0.774)
OK  ( 0.618,  1.166)
OK  ( 0.015, -0.129)
OK  ( 0.686,  1.204)
OK  ( 2.294,  3.153)
OK  ( 0.196, -0.197)
NOK (-0.096,  0.046) (-1.000,  0.000)
NOK (-0.999, -0.091) (-1.000,  0.000)
OK  ( 1.685,  0.943)
NOK (-0.165,  0.957) (-1.000, -0.000)
NOK (-0.131,  0.303) (-1.000, -0.000)
NOK (-0.013, -0.132) (-1.000,  0.000)
NOK (-0.473,  0.433) (-1.000, -0.000)
OK  ( 1.364, -0.421)
NOK (-1.752, -0.697) (-1.000, -0.000)
NOK (-0.498, -0.040) (-1.000,  0.000)
OK  ( 1.085, -1.680)
OK  ( 0.325, -0.848)
NOK (-0.461,  0.951) (-1.000, -0.000)
OK  ( 0.341, -0.362)
OK  ( 1.165,  0.378)
OK  ( 1.353,  0.167)
NOK (-0.723, -0.269) (-1.000,  0.000)
NOK (-0.423, -0.158) (-1.000,  0.000)
NOK (-0.452, -0.298) (-1.000,  0.000)
NOK (-1.439, -0.017) (-1.000, -0.000)
NOK (-0.906,  1.954) (-1.000, -0.000)

OK:
( 1.144,  0.087)
( 0.235, -1.580)
( 0.747, -0.606)
( 0.200, -0.472)
( 1.801, -0.138)
( 0.300, -0.818)
( 0.532, -0.594)
( 0.052, -0.276)
( 2.164,  0.374)
( 0.628, -0.975)
( 0.645, -0.539)
( 0.202,  0.774)
( 0.618,  1.166)
( 0.015, -0.129)
( 0.686,  1.204)
( 2.294,  3.153)
( 0.196, -0.197)
( 1.685,  0.943)
( 1.364, -0.421)
( 1.085, -1.680)
( 0.325, -0.848)
( 0.341, -0.362)
( 1.165,  0.378)
( 1.353,  0.167)

NOK:
(-0.932,  0.869)
(-0.388, -1.004)
(-0.877, -0.175)
(-0.689, -0.804)
(-1.873, -0.425)
(-1.258, -0.939)
(-0.894, -0.514)
(-0.023, -0.074)
(-0.029,  0.666)
(-1.031, -0.140)
(-0.855, -2.281)
(-1.109,  0.746)
(-0.096,  0.046)
(-0.999, -0.091)
(-0.165,  0.957)
(-0.131,  0.303)
(-0.013, -0.132)
(-0.473,  0.433)
(-1.752, -0.697)
(-0.498, -0.040)
(-0.461,  0.951)
(-0.723, -0.269)
(-0.423, -0.158)
(-0.452, -0.298)
(-1.439, -0.017)
(-0.906,  1.954)

Trying to narrow down to x < 0 ...
OK  ( 0.587, -0.585)
OK  ( 0.468,  0.132)
NOK (-0.213,  1.029) (-1.000, -0.000)
NOK (-0.919,  1.535) (-1.000, -0.000)
NOK (-0.489, -0.898) (-1.000,  0.000)
OK  ( 0.753, -0.589)
NOK (-1.077,  0.790) (-1.000, -0.000)
NOK (-0.441,  0.805) (-1.000, -0.000)
OK  ( 0.700,  0.080)
OK  ( 1.815,  0.798)
OK  ( 0.754, -1.081)
OK  ( 1.084, -0.051)
OK  ( 1.211,  0.242)
OK  ( 0.926, -1.838)
OK  ( 1.419,  1.207)
NOK (-0.471,  0.327) (-1.000, -0.000)
OK  ( 1.518,  0.587)
NOK (-0.881,  0.394) (-1.000, -0.000)
OK  ( 0.173,  0.386)
OK  ( 2.392, -0.202)
NOK (-0.571, -1.101) (-1.000,  0.000)
NOK (-0.305, -0.075) (-1.000,  0.000)
OK  ( 0.493,  1.476)
OK  ( 1.732,  1.464)
NOK (-0.585, -1.335) (-1.000,  0.000)
NOK (-0.666, -2.038) (-1.000,  0.000)
OK  ( 0.031,  0.314)
NOK (-1.746, -1.690) (-1.000,  0.000)
NOK (-0.137,  0.747) (-1.000, -0.000)
NOK (-0.354,  0.123) (-1.000,  0.000)
NOK (-1.287,  2.249) (-1.000, -0.000)
NOK (-1.087,  0.103) (-1.000, -0.000)
NOK (-0.046,  1.018) (-1.000, -0.000)
OK  ( 1.454,  1.491)
NOK (-0.023,  1.426) (-1.000, -0.000)
OK  ( 0.994,  2.292)
OK  ( 0.236, -0.060)
NOK (-0.547, -1.500) (-1.000,  0.000)
OK  ( 0.689,  0.217)
OK  ( 0.552,  1.726)
NOK (-1.546,  0.315) (-1.000, -0.000)
OK  ( 0.135,  1.385)
OK  ( 0.947, -1.348)
NOK (-0.306,  1.375) (-1.000, -0.000)
OK  ( 0.796,  0.205)
OK  ( 0.280, -1.022)
NOK (-1.801, -0.578) (-1.000, -0.000)
OK  ( 0.403,  0.350)
NOK (-1.034,  0.733) (-1.000, -0.000)
OK  ( 1.163, -0.527)
OK  ( 0.227,  0.804)
OK  ( 0.339,  1.088)
NOK (-1.257,  0.131) (-1.000, -0.000)
OK  ( 0.224,  0.504)
NOK (-0.992,  0.613) (-1.000, -0.000)
NOK (-2.569,  0.621) (-1.000, -0.000)
OK  ( 0.692, -1.024)
NOK (-0.570,  0.736) (-1.000, -0.000)
OK  ( 0.128,  0.598)
NOK (-0.275,  0.170) (-1.000,  0.000)
OK  ( 0.302, -1.072)
OK  ( 1.099,  1.308)
OK  ( 0.011,  1.655)
NOK (-1.791,  1.485) (-1.000, -0.000)
NOK (-1.335, -0.358) (-1.000, -0.000)
NOK (-2.235,  1.504) (-1.000, -0.000)
NOK (-0.623,  0.672) (-1.000, -0.000)
OK  ( 1.718, -0.379)
NOK (-1.460, -0.691) (-1.000,  0.000)
OK  ( 0.923, -0.855)
OK  ( 1.006, -0.976)
OK  ( 1.716, -0.350)
OK  ( 0.999, -0.714)
NOK (-0.868,  0.703) (-1.000, -0.000)
NOK (-0.000, -0.606) (-1.000,  0.000)
NOK (-0.327, -1.860) (-1.000,  0.000)
NOK (-1.572,  0.264) (-1.000, -0.000)
OK  ( 1.440,  0.833)
OK  ( 0.635,  0.298)
NOK (-1.163,  0.826) (-1.000, -0.000)
OK  ( 0.586,  0.657)
OK  ( 1.110, -0.483)
NOK (-0.517,  2.124) (-1.000, -0.000)
OK  ( 1.933,  0.135)
NOK (-0.243, -0.848) (-1.000,  0.000)
NOK (-0.872,  0.843) (-1.000, -0.000)
OK  ( 0.908, -0.193)
OK  ( 0.708,  0.180)
OK  ( 0.540, -0.829)
OK  ( 0.266,  0.309)
OK  ( 0.931,  0.505)
OK  ( 0.442, -0.158)
NOK (-0.805,  0.057) (-1.000,  0.000)
NOK (-1.501, -0.798) (-1.000,  0.000)
NOK (-0.058, -1.735) (-1.000,  0.000)
NOK (-0.295,  0.272) (-1.000, -0.000)
NOK (-0.582, -1.077) (-1.000,  0.000)
NOK (-1.105,  0.372) (-1.000, -0.000)
NOK (-2.234, -1.157) (-1.000, -0.000)
NOK (-0.044, -1.141) (-1.000,  0.000)
OK  ( 0.819, -0.352)
NOK (-1.244, -1.234) (-1.000,  0.000)
NOK (-0.190, -0.745) (-1.000,  0.000)
OK  ( 0.023, -0.030)
NOK (-0.223, -0.663) (-1.000,  0.000)
NOK (-1.846, -1.009) (-1.000, -0.000)
OK  ( 0.748,  0.187)
OK  ( 0.593, -0.147)
NOK (-2.398,  1.880) (-1.000, -0.000)
NOK (-0.256,  0.027) (-1.000,  0.000)
OK  ( 1.554,  0.917)
OK  ( 0.864,  0.734)
NOK (-0.322, -0.411) (-1.000,  0.000)
OK  ( 0.330, -1.818)
OK  ( 0.421,  0.475)
OK  ( 0.822, -0.874)
OK  ( 0.247, -0.229)
NOK (-0.020,  0.681) (-1.000, -0.000)
NOK (-0.074, -2.236) (-1.000,  0.000)
OK  ( 1.367, -0.312)
OK  ( 1.985, -0.336)
OK  ( 0.365,  3.178)
NOK (-0.847,  0.941) (-1.000, -0.000)
NOK (-1.386, -0.132) (-1.000, -0.000)
NOK (-2.273,  0.397) (-1.000, -0.000)
OK  ( 0.287, -3.226)
NOK (-1.959,  0.139) (-1.000, -0.000)
OK  ( 0.249,  1.117)
OK  ( 1.069, -1.212)
NOK (-0.877,  1.114) (-1.000, -0.000)
OK  ( 1.706, -1.153)
NOK (-1.102,  1.130) (-1.000, -0.000)
NOK (-0.815, -0.301) (-1.000,  0.000)
NOK (-0.044,  0.774) (-1.000, -0.000)
NOK (-1.155, -1.809) (-1.000,  0.000)
NOK (-1.069,  0.536) (-1.000, -0.000)
OK  ( 0.765, -0.309)
NOK (-0.364,  0.122) (-1.000,  0.000)
NOK (-0.045,  0.060) (-1.000, -0.000)
OK  ( 2.031, -1.159)
OK  ( 1.350, -0.420)
OK  ( 0.901,  0.333)
OK  ( 0.718,  0.640)
OK  ( 0.624,  0.108)
OK  ( 0.939,  0.825)
OK  ( 1.138, -0.414)
NOK (-0.041,  1.116) (-1.000, -0.000)
OK  ( 0.067, -1.293)
OK  ( 0.641, -1.710)
OK  ( 0.251,  0.188)
OK  ( 0.779,  0.947)
NOK (-2.502, -1.296) (-1.000, -0.000)
NOK (-0.830,  0.427) (-1.000, -0.000)
OK  ( 0.594,  0.562)
OK  ( 0.877, -0.616)
OK  ( 0.302, -0.365)
OK  ( 0.030,  0.593)
NOK (-0.790,  0.873) (-1.000, -0.000)
OK  ( 0.376,  0.899)
NOK (-0.497, -0.427) (-1.000,  0.000)
NOK (-0.942,  0.239) (-1.000, -0.000)
NOK (-1.133, -0.928) (-1.000,  0.000)
OK  ( 1.952, -0.915)
NOK (-0.244, -1.314) (-1.000,  0.000)
OK  ( 1.362, -0.589)
NOK (-0.557, -0.471) (-1.000,  0.000)
NOK (-0.640, -0.743) (-1.000,  0.000)
NOK (-0.024, -0.592) (-1.000,  0.000)
NOK (-0.162, -0.059) (-1.000,  0.000)
NOK (-1.093, -0.120) (-1.000,  0.000)
NOK (-0.165, -2.165) (-1.000,  0.000)
NOK (-1.673, -2.499) (-1.000,  0.000)
OK  ( 0.179,  0.517)
OK  ( 0.132, -0.781)
NOK (-0.630,  0.931) (-1.000, -0.000)
OK  ( 1.192,  1.881)
NOK (-0.367, -1.999) (-1.000,  0.000)
OK  ( 0.705, -1.004)
NOK (-0.384,  0.991) (-1.000, -0.000)
NOK (-0.539, -0.861) (-1.000,  0.000)
OK  ( 0.570, -1.144)
OK  ( 1.834,  0.751)
NOK (-0.910,  1.251) (-1.000, -0.000)
NOK (-1.460,  1.544) (-1.000, -0.000)
NOK (-0.399, -0.213) (-1.000,  0.000)
OK  ( 0.427, -0.431)
NOK (-0.425,  0.232) (-1.000,  0.000)
OK  ( 0.555, -0.035)
NOK (-2.447, -0.203) (-1.000, -0.000)
NOK (-1.232, -1.589) (-1.000,  0.000)
OK  ( 0.683, -1.446)
OK  ( 0.858, -0.570)
OK  ( 0.975, -0.147)
NOK (-1.349,  0.476) (-1.000, -0.000)
NOK (-0.737, -0.988) (-1.000,  0.000)
NOK (-1.235, -0.271) (-1.000, -0.000)
OK  ( 1.111,  0.871)
NOK (-0.129, -0.267) (-1.000,  0.000)
NOK (-0.694,  0.319) (-1.000, -0.000)
NOK (-0.065, -0.722) (-1.000,  0.000)
NOK (-1.778,  0.618) (-1.000, -0.000)
NOK (-1.150, -1.039) (-1.000,  0.000)
OK  ( 1.252,  0.465)
OK  ( 1.762,  0.299)
NOK (-0.335,  0.987) (-1.000, -0.000)
NOK (-0.991,  0.161) (-1.000, -0.000)
NOK (-0.282,  0.248) (-1.000, -0.000)
NOK (-0.819,  0.982) (-1.000, -0.000)
OK  ( 2.496,  0.643)
OK  ( 0.039,  1.046)
OK  ( 0.294, -0.739)
NOK (-1.362,  0.843) (-1.000, -0.000)
OK  ( 0.159, -0.537)
OK  ( 2.007, -1.827)
NOK (-0.571,  1.382) (-1.000, -0.000)
NOK (-2.243, -0.600) (-1.000, -0.000)
OK  ( 0.793, -0.461)
NOK (-0.495, -1.308) (-1.000,  0.000)
OK  ( 0.988, -0.073)
NOK (-1.068,  0.782) (-1.000, -0.000)
OK  ( 0.872,  1.425)
OK  ( 0.520, -0.350)
NOK (-0.549,  1.165) (-1.000, -0.000)
OK  ( 0.174, -0.159)
NOK (-0.035, -0.734) (-1.000,  0.000)
OK  ( 0.299,  0.774)
NOK (-0.346, -0.752) (-1.000,  0.000)
NOK (-0.020,  0.755) (-1.000, -0.000)
NOK (-0.136,  0.070) (-1.000,  0.000)
OK  ( 0.470,  0.313)
NOK (-1.160, -1.184) (-1.000,  0.000)
OK  ( 0.509, -0.685)
NOK (-0.548,  0.586) (-1.000, -0.000)
OK  ( 0.625,  0.185)
NOK (-1.575,  1.576) (-1.000, -0.000)
OK  ( 0.222,  0.032)
OK  ( 1.677,  2.528)
NOK (-0.792,  0.669) (-1.000, -0.000)
NOK (-0.898,  1.373) (-1.000, -0.000)
NOK (-0.107, -0.760) (-1.000,  0.000)
NOK (-0.867, -0.687) (-1.000,  0.000)
NOK (-0.469, -0.197) (-1.000,  0.000)
NOK (-1.270, -0.398) (-1.000,  0.000)
NOK (-1.311, -1.245) (-1.000,  0.000)
NOK (-0.953,  0.251) (-1.000, -0.000)
NOK (-0.153, -0.040) (-1.000,  0.000)
OK  ( 1.925,  0.508)
NOK (-0.795,  0.902) (-1.000, -0.000)
NOK (-1.008,  1.031) (-1.000, -0.000)
OK  ( 0.737, -0.416)
OK  ( 0.441, -0.261)
NOK (-0.657, -0.629) (-1.000,  0.000)
OK  ( 0.077, -0.466)
NOK (-0.450,  0.185) (-1.000,  0.000)
NOK (-2.148, -1.192) (-1.000, -0.000)
OK  ( 1.091, -0.246)
NOK (-0.652,  0.465) (-1.000, -0.000)
OK  ( 0.886, -1.186)
NOK (-0.430, -1.531) (-1.000,  0.000)
NOK (-0.701, -0.211) (-1.000,  0.000)
OK  ( 0.232,  0.321)
NOK (-0.488, -0.840) (-1.000,  0.000)
OK  ( 1.535, -0.750)
OK  ( 0.949,  0.494)
NOK (-1.843,  1.188) (-1.000, -0.000)
NOK (-0.317,  1.497) (-1.000, -0.000)
NOK (-0.345,  1.128) (-1.000, -0.000)
OK  ( 1.189, -0.598)
OK  ( 0.971,  1.231)
NOK (-1.636, -1.567) (-1.000,  0.000)
OK  ( 0.201, -3.242)
OK  ( 0.050, -0.977)
OK  ( 0.616,  0.184)
OK  ( 0.499, -0.294)
OK  ( 2.329, -0.126)
NOK (-0.153, -2.732) (-1.000,  0.000)
NOK (-1.213, -1.747) (-1.000,  0.000)
NOK (-0.828,  0.734) (-1.000, -0.000)
OK  ( 0.225, -0.037)
NOK (-0.417, -1.032) (-1.000,  0.000)
OK  ( 0.067,  1.010)
OK  ( 0.695, -0.518)
NOK (-0.170,  0.439) (-1.000, -0.000)
OK  ( 0.033,  1.821)
NOK (-1.430,  0.819) (-1.000, -0.000)
OK  ( 0.474,  0.966)
NOK (-0.867, -1.318) (-1.000,  0.000)
NOK (-0.081, -0.352) (-1.000,  0.000)
OK  ( 2.201,  0.120)
NOK (-0.254, -1.712) (-1.000,  0.000)
NOK (-0.165,  0.709) (-1.000, -0.000)
NOK (-0.089, -1.175) (-1.000,  0.000)
NOK (-1.574, -0.994) (-1.000,  0.000)
OK  ( 1.471, -1.161)
NOK (-0.616,  0.014) (-1.000,  0.000)
NOK (-0.855,  0.079) (-1.000,  0.000)
OK  ( 1.278, -0.078)
OK  ( 1.486, -0.079)
OK  ( 0.708,  1.658)
NOK (-0.654,  0.899) (-1.000, -0.000)
OK  ( 0.529,  2.561)
NOK (-2.321,  0.452) (-1.000, -0.000)
OK  ( 0.907,  1.070)
OK  ( 1.084, -2.703)
NOK (-1.348,  1.085) (-1.000, -0.000)
OK  ( 1.263,  0.200)
NOK (-0.661,  1.240) (-1.000, -0.000)
NOK (-0.689,  0.210) (-1.000,  0.000)
NOK (-1.053,  0.283) (-1.000, -0.000)
NOK (-0.534, -0.612) (-1.000,  0.000)
OK  ( 1.981,  0.733)
OK  ( 2.276, -0.434)
NOK (-0.748, -0.309) (-1.000,  0.000)
NOK (-0.050, -1.068) (-1.000,  0.000)
OK  ( 0.513,  0.018)
NOK (-0.497, -1.008) (-1.000,  0.000)
OK  ( 0.965, -1.050)
NOK (-1.999,  0.300) (-1.000, -0.000)
OK  ( 0.620,  0.062)
OK  ( 0.065, -0.605)
NOK (-2.065,  0.101) (-1.000, -0.000)
OK  ( 0.653,  0.156)
NOK (-2.003, -0.587) (-1.000, -0.000)
NOK (-0.722, -0.521) (-1.000,  0.000)
NOK (-0.319, -0.535) (-1.000,  0.000)
NOK (-0.532, -0.497) (-1.000,  0.000)
NOK (-1.741,  1.138) (-1.000, -0.000)
OK  ( 0.528,  0.317)
NOK (-0.104,  0.943) (-1.000, -0.000)
NOK (-1.834, -0.611) (-1.000, -0.000)
NOK (-1.525,  1.178) (-1.000, -0.000)
NOK (-0.709,  0.708) (-1.000, -0.000)
NOK (-1.415, -0.301) (-1.000, -0.000)
OK  ( 1.039, -0.243)
NOK (-0.519,  0.474) (-1.000, -0.000)
NOK (-2.238,  0.768) (-1.000, -0.000)
OK  ( 0.676, -0.243)
OK  ( 0.817,  0.377)
OK  ( 1.216, -0.372)
NOK (-0.815, -1.189) (-1.000,  0.000)
OK  ( 1.922, -1.680)
OK  ( 1.207,  0.752)
NOK (-0.390, -1.102) (-1.000,  0.000)
OK  ( 0.053, -1.218)
NOK (-1.038, -1.484) (-1.000,  0.000)
NOK (-0.778, -0.981) (-1.000,  0.000)
NOK (-0.001,  0.107) (-1.000, -0.000)
OK  ( 0.029, -0.387)
NOK (-1.175, -0.313) (-1.000,  0.000)
NOK (-1.456,  0.422) (-1.000, -0.000)
NOK (-0.429, -2.038) (-1.000,  0.000)
NOK (-0.455,  1.798) (-1.000, -0.000)
OK  ( 1.843, -1.412)
OK  ( 1.251, -0.396)
NOK (-0.703, -1.468) (-1.000,  0.000)
OK  ( 1.621, -0.558)
OK  ( 0.111,  0.218)
NOK (-0.506, -0.457) (-1.000,  0.000)
NOK (-0.437,  0.952) (-1.000, -0.000)
NOK (-1.172,  0.759) (-1.000, -0.000)
OK  ( 0.306,  1.138)
OK  ( 0.718,  1.051)
NOK (-2.105, -0.341) (-1.000, -0.000)
NOK (-0.879,  0.067) (-1.000,  0.000)
OK  ( 0.003,  0.491)
OK  ( 1.378, -0.477)
OK  ( 1.046, -1.162)
NOK (-0.171, -0.628) (-1.000,  0.000)
NOK (-0.989, -3.010) (-1.000,  0.000)
NOK (-0.918, -1.197) (-1.000,  0.000)
OK  ( 0.083, -0.003)
NOK (-0.095,  1.309) (-1.000, -0.000)
NOK (-0.649, -0.060) (-1.000,  0.000)
NOK (-0.383,  0.833) (-1.000, -0.000)
NOK (-0.156, -0.081) (-1.000,  0.000)
NOK (-0.219,  0.271) (-1.000, -0.000)
OK  ( 0.347,  0.907)
OK  ( 1.087, -0.711)
OK  ( 0.579,  1.455)
NOK (-0.587,  0.077) (-1.000,  0.000)
NOK (-0.984, -1.389) (-1.000,  0.000)
OK  ( 2.960,  0.035)
NOK (-0.292,  1.330) (-1.000, -0.000)
OK  ( 0.136, -1.627)
NOK (-0.086,  0.622) (-1.000, -0.000)
OK  ( 0.350,  0.542)
OK  ( 0.293, -1.228)
OK  ( 0.297,  1.488)
OK  ( 0.437,  0.007)
OK  ( 0.211,  1.552)
NOK (-2.530,  0.345) (-1.000, -0.000)
NOK (-0.052,  0.762) (-1.000, -0.000)
NOK (-2.455,  0.002) (-1.000, -0.000)
NOK (-0.825, -0.810) (-1.000,  0.000)
NOK (-0.657, -0.733) (-1.000,  0.000)
NOK (-0.419,  1.449) (-1.000, -0.000)
NOK (-1.494, -0.472) (-1.000, -0.000)
NOK (-1.057,  1.013) (-1.000, -0.000)
NOK (-1.087, -0.679) (-1.000,  0.000)
NOK (-1.007, -1.889) (-1.000,  0.000)
OK  ( 2.763, -0.946)
NOK (-0.338, -0.645) (-1.000,  0.000)
NOK (-0.176, -0.303) (-1.000,  0.000)
OK  ( 0.091,  1.235)
OK  ( 0.156, -0.242)
OK  ( 1.186,  0.292)
NOK (-1.487,  0.597) (-1.000, -0.000)
NOK (-0.952, -0.529) (-1.000,  0.000)
OK  ( 0.606,  0.756)
NOK (-1.301,  0.287) (-1.000, -0.000)
OK  ( 0.986,  1.410)
NOK (-0.381, -0.637) (-1.000,  0.000)
OK  ( 1.512, -0.114)
OK  ( 0.144,  0.649)
NOK (-0.541, -1.965) (-1.000,  0.000)
OK  ( 1.275, -0.338)
NOK (-0.049, -0.135) (-1.000,  0.000)
NOK (-0.247, -0.480) (-1.000,  0.000)
OK  ( 0.288,  1.077)
NOK (-1.263, -0.835) (-1.000,  0.000)
OK  ( 0.392, -0.172)
OK  ( 0.098, -1.950)
OK  ( 0.078, -0.498)
OK  ( 0.930,  1.229)
OK  ( 1.136,  1.400)
NOK (-1.433,  0.135) (-1.000, -0.000)
OK  ( 1.850,  0.424)
NOK (-1.259,  1.379) (-1.000, -0.000)
OK  ( 0.653, -0.765)
OK  ( 0.154, -2.175)
OK  ( 0.066, -0.601)
OK  ( 0.069, -1.116)
OK  ( 0.916,  0.630)
OK  ( 1.040,  0.463)
OK  ( 1.063,  0.915)
OK  ( 0.196,  0.399)
OK  ( 1.082,  1.661)
NOK (-0.403, -0.842) (-1.000,  0.000)
OK  ( 1.164,  0.771)
OK  ( 0.285, -0.888)
OK  ( 1.310, -0.682)
NOK (-0.029, -0.350) (-1.000,  0.000)
OK  ( 2.021, -0.030)
NOK (-1.393,  0.342) (-1.000, -0.000)
OK  ( 0.378,  0.571)
NOK (-1.670, -1.559) (-1.000,  0.000)
NOK (-1.341,  0.670) (-1.000, -0.000)
NOK (-0.922, -0.750) (-1.000,  0.000)
OK  ( 0.660,  0.717)
OK  ( 1.169, -0.083)
OK  ( 0.774,  0.837)
NOK (-0.379,  0.155) (-1.000,  0.000)
OK  ( 0.099, -0.091)
NOK (-0.522,  2.206) (-1.000, -0.000)
OK  ( 1.288,  0.213)
OK  ( 1.358,  1.447)
OK  ( 0.812,  0.424)
OK  ( 0.329, -0.331)
OK  ( 1.344, -1.509)
OK  ( 1.274, -0.315)
OK  ( 2.207,  0.236)
NOK (-1.111, -0.464) (-1.000,  0.000)
OK  ( 0.581, -1.230)
OK  ( 0.880, -1.691)
OK  ( 1.991, -0.963)
NOK (-0.386,  2.539) (-1.000, -0.000)
NOK (-1.933, -2.154) (-1.000,  0.000)
NOK (-1.322,  0.752) (-1.000, -0.000)
NOK (-2.168,  2.806) (-1.000, -0.000)
NOK (-0.702,  2.116) (-1.000, -0.000)
OK  ( 0.750, -0.146)
NOK (-0.063, -1.043) (-1.000,  0.000)
NOK (-1.231,  0.543) (-1.000, -0.000)
NOK (-0.823, -0.941) (-1.000,  0.000)
NOK (-0.081,  1.334) (-1.000, -0.000)
OK  ( 0.198,  1.297)
NOK (-0.445,  1.860) (-1.000, -0.000)
OK  ( 0.850,  0.613)
OK  ( 1.393,  0.435)
NOK (-0.424, -0.237) (-1.000,  0.000)
NOK (-1.680, -0.344) (-1.000, -0.000)
OK  ( 1.299, -1.270)
OK  ( 0.713,  0.093)
NOK (-0.496, -0.729) (-1.000,  0.000)
OK  ( 1.748,  0.123)
OK  ( 1.052, -2.799)
OK  ( 0.448, -1.354)
OK  ( 0.161,  0.177)
NOK (-0.069,  1.591) (-1.000, -0.000)
NOK (-1.376,  0.581) (-1.000, -0.000)
NOK (-1.113, -2.925) (-1.000,  0.000)
NOK (-0.744,  0.186) (-1.000,  0.000)
OK  ( 0.430,  0.386)
OK  ( 0.189,  0.966)
NOK (-2.042,  0.588) (-1.000, -0.000)
NOK (-0.579, -1.335) (-1.000,  0.000)
OK  ( 0.826,  0.256)
NOK (-1.204, -0.957) (-1.000,  0.000)
OK  ( 0.823, -0.290)
NOK (-1.580,  0.484) (-1.000, -0.000)
OK  ( 0.079, -0.528)
OK  ( 0.583,  0.181)
OK  ( 0.948,  0.898)
NOK (-0.044,  0.149) (-1.000, -0.000)
NOK (-0.369, -1.791) (-1.000,  0.000)
NOK (-1.590,  2.243) (-1.000, -0.000)
OK  ( 2.687, -1.437)
OK  ( 0.916,  0.224)
NOK (-1.221,  0.451) (-1.000, -0.000)
OK  ( 0.302,  1.534)
NOK (-1.153, -1.251) (-1.000,  0.000)
OK  ( 1.386, -1.467)
NOK (-0.195,  2.306) (-1.000, -0.000)
OK  ( 1.284, -0.808)
NOK (-0.377,  0.528) (-1.000, -0.000)
OK  ( 0.305,  0.860)
NOK (-1.496, -0.832) (-1.000,  0.000)
OK  ( 1.228, -1.832)
OK  ( 1.135, -1.606)
OK  ( 0.544,  0.130)
OK  ( 3.111,  0.816)
NOK (-1.540,  0.406) (-1.000, -0.000)
NOK (-0.528,  1.568) (-1.000, -0.000)
NOK (-0.963,  0.736) (-1.000, -0.000)
OK  ( 1.500, -0.276)
NOK (-1.824, -0.862) (-1.000, -0.000)
NOK (-1.041,  0.011) (-1.000, -0.000)
NOK (-1.448,  0.603) (-1.000, -0.000)
OK  ( 0.081,  0.719)
OK  ( 0.464, -0.415)
NOK (-0.644,  0.712) (-1.000, -0.000)
OK  ( 0.131, -2.826)
OK  ( 1.880, -1.595)
OK  ( 0.372, -0.926)
OK  ( 0.897,  0.006)
OK  ( 0.737, -1.170)
NOK (-0.293,  1.874) (-1.000, -0.000)
OK  ( 0.461, -1.620)
OK  ( 0.587, -0.739)
OK  ( 0.390,  0.321)
OK  ( 0.529, -0.094)
OK  ( 1.579, -0.816)
OK  ( 0.293,  0.241)
OK  ( 0.159,  1.084)
OK  ( 1.413, -0.587)
NOK (-0.771, -1.310) (-1.000,  0.000)
NOK (-0.013,  1.137) (-1.000, -0.000)
NOK (-0.860, -0.801) (-1.000,  0.000)
OK  ( 1.843,  0.356)
OK  ( 0.396,  0.615)
NOK (-0.892, -0.408) (-1.000,  0.000)
NOK (-0.491,  0.636) (-1.000, -0.000)
OK  ( 1.810, -1.306)
OK  ( 0.071,  1.997)
NOK (-1.787,  0.487) (-1.000, -0.000)
OK  ( 2.052,  1.353)
NOK (-0.694, -1.339) (-1.000,  0.000)
OK  ( 0.217, -0.033)
NOK (-0.171,  1.072) (-1.000, -0.000)
NOK (-0.271, -0.906) (-1.000,  0.000)
NOK (-0.357,  1.376) (-1.000, -0.000)
OK  ( 0.728,  1.249)
OK  ( 0.554,  0.776)
OK  ( 0.652, -0.861)
NOK (-0.836, -1.999) (-1.000,  0.000)
NOK (-1.867,  1.361) (-1.000, -0.000)
OK  ( 0.251,  0.815)
OK  ( 0.207, -0.068)
OK  ( 1.144, -0.876)
NOK (-1.015, -0.385) (-1.000,  0.000)
NOK (-1.548, -0.442) (-1.000, -0.000)
OK  ( 0.543,  0.120)
OK  ( 1.037,  1.471)
OK  ( 1.616, -0.681)
NOK (-1.610,  2.627) (-1.000, -0.000)
OK  ( 0.973, -0.748)
NOK (-0.859,  1.989) (-1.000, -0.000)
NOK (-0.441, -0.392) (-1.000,  0.000)
NOK (-0.959, -2.430) (-1.000,  0.000)
OK  ( 0.476, -0.114)
OK  ( 0.032,  1.003)
NOK (-1.582,  0.769) (-1.000, -0.000)
OK  ( 0.628, -1.191)
OK  ( 1.633,  0.789)
NOK (-0.764,  0.104) (-1.000,  0.000)
OK  ( 0.668, -0.091)
NOK (-1.331,  0.152) (-1.000, -0.000)
NOK (-0.302,  0.039) (-1.000,  0.000)
NOK (-1.232, -1.873) (-1.000,  0.000)
NOK (-1.910, -1.077) (-1.000, -0.000)
NOK (-0.405,  0.305) (-1.000, -0.000)
OK  ( 0.923,  0.540)
OK  ( 1.497,  0.433)
OK  ( 0.678,  0.419)
NOK (-0.138,  1.592) (-1.000, -0.000)
NOK (-0.587,  0.069) (-1.000,  0.000)
NOK (-1.101, -0.169) (-1.000,  0.000)
OK  ( 0.250,  0.083)
OK  ( 0.414, -0.705)
OK  ( 2.091, -1.265)
NOK (-0.426, -0.462) (-1.000,  0.000)
NOK (-0.568,  1.195) (-1.000, -0.000)
NOK (-0.565,  0.356) (-1.000, -0.000)
NOK (-0.798,  0.879) (-1.000, -0.000)
NOK (-0.689,  0.676) (-1.000, -0.000)
OK  ( 0.852, -0.301)
NOK (-0.723,  0.452) (-1.000, -0.000)
OK  ( 0.454,  0.009)
OK  ( 0.017, -0.100)
OK  ( 0.529,  0.135)
OK  ( 0.370, -0.775)
OK  ( 0.378, -0.701)
NOK (-0.332, -0.056) (-1.000,  0.000)
NOK (-0.205, -0.744) (-1.000,  0.000)
NOK (-0.832, -0.447) (-1.000,  0.000)
NOK (-0.744, -0.156) (-1.000,  0.000)
OK  ( 0.938,  0.142)
OK  ( 1.589,  2.339)
NOK (-0.338,  1.318) (-1.000, -0.000)
OK  ( 0.568, -0.587)
OK  ( 1.425, -0.338)
NOK (-1.142,  0.038) (-1.000, -0.000)
NOK (-0.810,  0.476) (-1.000, -0.000)
OK  ( 0.346,  0.835)
OK  ( 1.428, -0.041)
OK  ( 0.760,  0.640)
NOK (-1.353,  0.570) (-1.000, -0.000)
NOK (-0.313,  1.634) (-1.000, -0.000)
OK  ( 2.049, -1.928)
NOK (-0.764, -1.975) (-1.000,  0.000)
NOK (-1.811, -0.894) (-1.000, -0.000)
OK  ( 0.501, -0.672)
NOK (-0.386, -0.764) (-1.000,  0.000)
NOK (-0.319, -2.141) (-1.000,  0.000)
NOK (-1.247,  0.664) (-1.000, -0.000)
OK  ( 1.373,  0.644)
NOK (-0.054, -1.036) (-1.000,  0.000)
OK  ( 0.831,  0.341)
NOK (-0.602, -1.262) (-1.000,  0.000)
OK  ( 0.235, -1.148)
OK  ( 0.350, -2.070)
OK  ( 1.067, -0.391)
OK  ( 1.142,  1.636)
NOK (-0.205, -0.263) (-1.000,  0.000)
OK  ( 0.483, -1.709)
OK  ( 0.686, -1.294)
NOK (-1.479, -1.363) (-1.000,  0.000)
NOK (-0.709, -0.315) (-1.000,  0.000)
OK  ( 0.084, -0.478)
NOK (-1.801,  1.447) (-1.000, -0.000)
NOK (-1.871, -0.981) (-1.000, -0.000)
OK  ( 2.055,  0.666)
OK  ( 1.055, -1.860)
NOK (-0.798, -1.562) (-1.000,  0.000)
NOK (-0.380,  1.537) (-1.000, -0.000)
NOK (-0.270, -0.586) (-1.000,  0.000)
NOK (-0.872, -1.842) (-1.000,  0.000)
OK  ( 0.055,  1.830)
OK  ( 0.543, -1.973)
NOK (-0.256, -1.103) (-1.000,  0.000)
NOK (-1.458, -1.000) (-1.000,  0.000)
OK  ( 0.968,  1.153)
NOK (-0.303, -0.310) (-1.000,  0.000)
OK  ( 0.388,  0.133)
OK  ( 0.593, -1.210)
OK  ( 0.953, -2.879)
OK  ( 0.724,  1.490)
NOK (-1.640,  0.615) (-1.000, -0.000)
NOK (-0.924,  1.037) (-1.000, -0.000)
NOK (-1.191, -0.087) (-1.000, -0.000)
NOK (-0.312, -0.221) (-1.000,  0.000)
OK  ( 0.346,  0.889)
NOK (-0.035,  1.133) (-1.000, -0.000)
NOK (-1.498, -0.485) (-1.000, -0.000)
OK  ( 0.648,  1.485)
NOK (-1.189,  0.204) (-1.000, -0.000)
NOK (-0.597,  1.440) (-1.000, -0.000)
NOK (-1.349,  0.376) (-1.000, -0.000)
NOK (-0.988,  1.303) (-1.000, -0.000)
OK  ( 0.685,  1.264)
NOK (-2.010, -0.276) (-1.000, -0.000)
NOK (-0.320,  0.234) (-1.000, -0.000)
OK  ( 0.969, -1.683)
OK  ( 0.502, -1.420)
OK  ( 1.059, -0.642)
OK  ( 0.976,  0.534)
NOK (-0.959, -0.580) (-1.000,  0.000)
OK  ( 1.104,  1.532)
NOK (-0.154, -1.340) (-1.000,  0.000)
NOK (-1.274, -1.442) (-1.000,  0.000)
NOK (-0.624, -1.178) (-1.000,  0.000)
OK  ( 1.785,  0.067)
NOK (-0.873, -0.409) (-1.000,  0.000)
NOK (-0.580,  2.035) (-1.000, -0.000)
OK  ( 1.516,  0.564)
NOK (-0.321, -0.469) (-1.000,  0.000)
OK  ( 0.767, -1.170)
OK  ( 1.934, -0.229)
NOK (-0.727, -0.355) (-1.000,  0.000)
NOK (-0.605, -0.888) (-1.000,  0.000)
OK  ( 0.547,  0.480)
OK  ( 0.491,  0.432)
NOK (-1.881, -0.433) (-1.000, -0.000)
NOK (-0.492,  0.184) (-1.000,  0.000)
OK  ( 0.752,  0.242)
NOK (-0.487,  0.382) (-1.000, -0.000)
OK  ( 0.585,  0.452)
NOK (-1.045, -1.532) (-1.000,  0.000)
NOK (-0.943,  0.184) (-1.000, -0.000)
OK  ( 1.308, -0.914)
OK  ( 0.152,  0.357)
OK  ( 2.368,  0.342)
NOK (-0.362, -0.279) (-1.000,  0.000)
NOK (-1.097,  0.922) (-1.000, -0.000)
OK  ( 0.310, -0.787)
NOK (-0.208, -0.472) (-1.000,  0.000)
OK  ( 0.004,  0.886)
OK  ( 0.077, -1.380)
NOK (-0.074, -0.658) (-1.000,  0.000)
NOK (-0.319,  0.912) (-1.000, -0.000)
NOK (-0.077,  0.499) (-1.000, -0.000)
NOK (-0.116, -0.632) (-1.000,  0.000)
NOK (-1.088,  0.482) (-1.000, -0.000)
NOK (-0.573,  1.037) (-1.000, -0.000)
NOK (-0.672,  0.708) (-1.000, -0.000)
NOK (-0.241, -0.496) (-1.000,  0.000)
NOK (-0.529, -1.632) (-1.000,  0.000)
NOK (-0.338, -0.225) (-1.000,  0.000)
NOK (-0.063, -0.909) (-1.000,  0.000)
OK  ( 0.554, -1.485)
NOK (-1.184,  0.504) (-1.000, -0.000)
OK  ( 0.737, -0.958)
NOK (-0.857,  0.644) (-1.000, -0.000)
OK  ( 0.726, -0.270)
NOK (-0.228,  0.000) (-1.000,  0.000)
OK  ( 1.410, -0.890)
NOK (-0.755, -1.396) (-1.000,  0.000)
OK  ( 0.444,  0.495)
OK  ( 1.499, -0.475)
OK  ( 0.644,  0.174)
NOK (-1.022, -0.935) (-1.000,  0.000)
NOK (-0.415,  0.746) (-1.000, -0.000)
OK  ( 2.230,  1.677)
NOK (-0.395, -0.864) (-1.000,  0.000)
NOK (-1.031,  0.776) (-1.000, -0.000)
OK  ( 0.448,  0.115)
OK  ( 1.146,  0.960)
OK  ( 1.025, -0.370)
OK  ( 1.450,  0.045)
NOK (-0.046,  0.904) (-1.000, -0.000)
NOK (-1.084, -0.105) (-1.000,  0.000)
NOK (-0.680, -0.817) (-1.000,  0.000)
NOK (-0.288, -1.369) (-1.000,  0.000)
NOK (-0.200,  0.935) (-1.000, -0.000)
NOK (-0.249,  0.407) (-1.000, -0.000)
NOK (-0.806, -0.300) (-1.000,  0.000)
NOK (-1.321,  1.340) (-1.000, -0.000)
NOK (-0.675, -0.288) (-1.000,  0.000)
NOK (-1.841,  0.643) (-1.000, -0.000)
NOK (-0.723, -0.521) (-1.000,  0.000)
NOK (-0.874,  1.711) (-1.000, -0.000)
OK  ( 0.415, -0.113)
NOK (-0.308, -1.161) (-1.000,  0.000)
OK  ( 0.089, -0.845)
NOK (-1.773,  0.281) (-1.000, -0.000)
OK  ( 1.067, -1.343)
OK  ( 0.153,  1.005)
OK  ( 0.321, -0.139)
OK  ( 1.201,  1.744)
OK  ( 1.518,  1.152)
NOK (-0.334,  1.173) (-1.000, -0.000)
OK  ( 0.396,  0.404)
OK  ( 1.209, -1.526)
OK  ( 0.227,  0.129)
OK  ( 1.253,  0.995)
OK  ( 0.136,  0.131)
NOK (-0.457,  0.960) (-1.000, -0.000)
NOK (-0.255, -0.919) (-1.000,  0.000)
OK  ( 1.754,  0.182)
OK  ( 1.093, -1.368)
OK  ( 2.369, -0.370)
OK  ( 1.479, -1.190)
OK  ( 0.466, -0.568)
NOK (-0.630,  1.015) (-1.000, -0.000)
NOK (-1.814,  0.335) (-1.000, -0.000)
NOK (-1.482,  2.445) (-1.000, -0.000)
OK  ( 0.279,  0.567)
OK  ( 0.277, -0.376)
NOK (-0.648, -0.741) (-1.000,  0.000)
OK  ( 1.247, -0.015)
NOK (-0.061, -0.124) (-1.000,  0.000)
OK  ( 0.273,  1.012)
NOK (-1.710,  0.991) (-1.000, -0.000)
NOK (-0.130,  0.383) (-1.000, -0.000)
NOK (-0.488, -1.136) (-1.000,  0.000)
OK  ( 2.548,  0.231)
OK  ( 0.339, -0.686)
NOK (-0.285, -0.796) (-1.000,  0.000)
OK  ( 0.222, -0.416)
OK  ( 0.797, -0.224)
NOK (-0.382,  1.226) (-1.000, -0.000)
OK  ( 1.035,  0.801)
NOK (-0.747,  0.145) (-1.000,  0.000)
OK  ( 2.058,  0.976)
NOK (-0.397,  0.888) (-1.000, -0.000)
OK  ( 1.309, -0.819)
OK  ( 0.155,  0.791)
NOK (-1.095, -0.008) (-1.000, -0.000)
OK  ( 0.191, -0.033)
OK  ( 0.960, -0.163)
OK  ( 1.594,  0.653)
NOK (-0.043, -1.279) (-1.000,  0.000)
NOK (-2.714, -1.701) (-1.000, -0.000)
OK  ( 0.043,  0.389)
NOK (-0.699, -0.060) (-1.000,  0.000)
NOK (-1.521, -2.054) (-1.000,  0.000)
NOK (-1.160, -1.123) (-1.000,  0.000)
NOK (-0.575, -0.335) (-1.000,  0.000)
NOK (-0.026, -0.322) (-1.000,  0.000)
NOK (-1.046, -0.290) (-1.000,  0.000)
OK  ( 0.059,  1.040)
NOK (-0.380, -0.797) (-1.000,  0.000)
NOK (-0.359,  0.454) (-1.000, -0.000)
NOK (-1.159, -1.771) (-1.000,  0.000)
OK  ( 0.650, -2.519)
OK  ( 0.395,  0.911)
NOK (-0.817,  0.570) (-1.000, -0.000)
NOK (-1.034, -0.098) (-1.000,  0.000)
OK  ( 0.929, -0.235)
OK  ( 0.573,  0.521)
OK  ( 0.505,  0.799)
NOK (-0.927, -0.213) (-1.000,  0.000)
OK  ( 0.547, -1.333)
OK  ( 0.996,  0.147)
NOK (-2.217, -0.934) (-1.000, -0.000)
OK  ( 0.030,  0.743)
NOK (-0.485,  1.016) (-1.000, -0.000)
OK  ( 0.191,  0.322)
OK  ( 1.784,  0.847)
NOK (-1.853,  0.193) (-1.000, -0.000)
OK  ( 0.904, -0.509)
NOK (-0.017, -0.027) (-1.000,  0.000)
OK  ( 0.429, -1.768)
OK  ( 0.144,  0.143)
OK  ( 1.171, -0.219)
OK  ( 0.623,  1.052)
NOK (-0.148,  1.490) (-1.000, -0.000)
OK  ( 1.296,  1.224)
OK  ( 0.085, -1.147)
OK  ( 0.356, -0.173)
OK  ( 1.480,  0.525)
OK  ( 0.646,  1.323)
NOK (-0.426,  0.171) (-1.000,  0.000)
OK  ( 1.611,  1.206)
OK  ( 1.482, -0.700)
NOK (-0.357,  0.706) (-1.000, -0.000)
NOK (-1.113, -0.008) (-1.000, -0.000)
OK  ( 0.611, -0.857)
OK  ( 0.174,  0.006)
OK  ( 2.393, -1.948)
OK  ( 1.230,  1.555)
NOK (-0.642,  1.743) (-1.000, -0.000)
OK  ( 0.257,  0.893)
OK  ( 2.377,  1.996)
OK  ( 0.619, -0.480)
NOK (-0.021,  0.985) (-1.000, -0.000)
OK  ( 0.633,  0.095)
NOK (-1.083,  0.778) (-1.000, -0.000)
OK  ( 0.278, -0.679)
OK  ( 0.814,  1.314)
NOK (-0.151,  1.413) (-1.000, -0.000)
OK  ( 0.118, -0.765)
NOK (-0.470,  1.723) (-1.000, -0.000)
OK  ( 0.919,  1.370)
OK  ( 0.808,  0.415)
OK  ( 0.545, -1.056)
OK  ( 0.750,  1.789)
OK  ( 0.746, -1.137)
NOK (-0.139, -0.281) (-1.000,  0.000)
OK  ( 1.930,  0.306)
OK  ( 0.481,  0.668)
NOK (-0.318,  0.588) (-1.000, -0.000)
OK  ( 1.340,  0.408)
OK  ( 0.348, -0.928)
OK  ( 0.647, -0.049)
NOK (-1.653, -0.326) (-1.000, -0.000)
NOK (-0.784, -0.800) (-1.000,  0.000)
OK  ( 0.723,  1.034)
NOK (-1.758, -1.472) (-1.000,  0.000)
OK  ( 1.234,  0.653)
OK  ( 0.995, -1.436)
OK  ( 0.335,  0.683)
NOK (-1.114, -0.469) (-1.000,  0.000)
OK  ( 0.144,  0.625)
OK  ( 0.669,  0.559)
NOK (-0.002, -1.543) (-1.000,  0.000)
NOK (-0.316, -2.926) (-1.000,  0.000)
OK  ( 0.630, -0.108)
NOK (-0.886, -0.686) (-1.000,  0.000)
OK  ( 0.828, -0.328)
OK  ( 1.672, -1.722)
OK  ( 0.464, -0.524)
NOK (-0.276, -0.503) (-1.000,  0.000)
NOK (-1.409,  0.424) (-1.000, -0.000)
OK  ( 0.306,  0.182)
OK  ( 1.052, -0.434)
NOK (-0.277,  1.844) (-1.000, -0.000)
OK  ( 1.334,  0.619)
NOK (-2.633,  0.940) (-1.000, -0.000)
OK  ( 0.030,  0.514)
NOK (-0.943, -0.577) (-1.000,  0.000)
OK  ( 0.518,  0.203)
OK  ( 0.280, -0.198)
NOK (-0.639,  1.210) (-1.000, -0.000)
NOK (-0.282,  0.088) (-1.000,  0.000)
NOK (-0.602, -0.765) (-1.000,  0.000)
OK  ( 1.201,  0.189)
OK  ( 0.702, -0.367)
OK  ( 0.712, -0.904)
OK  ( 0.825, -0.485)
OK  ( 0.387, -2.268)
NOK (-0.895, -0.404) (-1.000,  0.000)
NOK (-0.722,  0.253) (-1.000, -0.000)
OK  ( 0.135,  2.368)
NOK (-0.534,  0.881) (-1.000, -0.000)
OK  ( 0.944, -1.167)
NOK (-1.006, -1.027) (-1.000,  0.000)
NOK (-1.007, -0.377) (-1.000,  0.000)
NOK (-0.886, -1.375) (-1.000,  0.000)
OK  ( 0.478, -0.725)
OK  ( 1.606,  0.391)
NOK (-1.296,  0.364) (-1.000, -0.000)
OK  ( 2.204,  0.120)
OK  ( 0.686,  2.069)
OK  ( 1.492, -1.721)
OK  ( 0.224, -1.755)
NOK (-1.122,  0.137) (-1.000, -0.000)
NOK (-0.705,  0.386) (-1.000, -0.000)
OK  ( 0.262, -0.265)
OK  ( 0.854, -1.759)
NOK (-0.899, -1.260) (-1.000,  0.000)
OK  ( 1.529,  2.297)
OK  ( 2.333, -0.604)
OK  ( 2.205, -0.214)
OK  ( 1.825, -0.955)
OK  ( 1.954, -0.607)
OK  ( 0.147, -1.186)
OK  ( 0.747,  1.798)
NOK (-0.483,  0.914) (-1.000, -0.000)
NOK (-0.025,  0.878) (-1.000, -0.000)
OK  ( 0.897, -1.322)
OK  ( 0.649,  0.168)
OK  ( 0.167,  0.992)
OK  ( 2.914, -0.312)
NOK (-0.589, -0.417) (-1.000,  0.000)
OK  ( 0.301, -1.220)
OK  ( 0.608, -0.713)
NOK (-0.208,  0.103) (-1.000,  0.000)
OK  ( 0.454,  1.554)
OK  ( 2.084, -0.269)
NOK (-0.886, -0.002) (-1.000,  0.000)
NOK (-2.162,  0.769) (-1.000, -0.000)
OK  ( 0.794,  0.184)
NOK (-0.949,  1.430) (-1.000, -0.000)
OK  ( 1.183, -0.464)
NOK (-0.551,  1.608) (-1.000, -0.000)
NOK (-0.016,  0.642) (-1.000, -0.000)
OK  ( 1.325,  1.029)
NOK (-0.774,  0.051) (-1.000,  0.000)
OK  ( 1.379, -0.038)
NOK (-0.519,  0.133) (-1.000,  0.000)
NOK (-0.513, -0.772) (-1.000,  0.000)
NOK (-0.531, -0.035) (-1.000,  0.000)
OK  ( 1.094, -0.136)
OK  ( 0.434, -1.084)
NOK (-0.787,  0.802) (-1.000, -0.000)
NOK (-0.532,  0.044) (-1.000,  0.000)
OK  ( 0.451,  1.005)
OK  ( 0.474,  1.070)
OK  ( 0.245, -0.987)
NOK (-0.626,  0.012) (-1.000,  0.000)
OK  ( 0.301, -0.028)
NOK (-1.177, -0.197) (-1.000, -0.000)
NOK (-0.934,  0.983) (-1.000, -0.000)
OK  ( 0.645, -0.878)
NOK (-1.403,  0.229) (-1.000, -0.000)
OK  ( 1.047, -1.767)
NOK (-1.200,  0.479) (-1.000, -0.000)
OK  ( 0.796, -0.467)
OK  ( 1.047,  1.545)
NOK (-2.403, -0.523) (-1.000, -0.000)
NOK (-0.158, -0.534) (-1.000,  0.000)
OK  ( 0.740,  0.731)
OK  ( 0.943, -2.877)
NOK (-0.113,  1.150) (-1.000, -0.000)
NOK (-0.621,  1.098) (-1.000, -0.000)
NOK (-0.364,  0.365) (-1.000, -0.000)
NOK (-0.781,  0.045) (-1.000,  0.000)
OK  ( 1.503, -0.765)
OK  ( 1.439, -0.891)
Narrowed failure down to x < 0.

Testing positions without imaginary component:
NOK (-1.587,  0.000) (-1.000, -0.000)
OK  (-0.164,  0.000)
OK  ( 0.904,  0.000)
OK  (-0.086,  0.000)
OK  ( 1.359,  0.000)
OK  ( 0.844,  0.000)
OK  (-0.044,  0.000)
OK  ( 0.568,  0.000)
OK  (-0.638,  0.000)
OK  ( 0.637,  0.000)
NOK (-1.549,  0.000) (-1.000, -0.000)
OK  ( 0.456,  0.000)
OK  ( 0.477,  0.000)
OK  ( 0.917,  0.000)
OK  ( 1.164,  0.000)
OK  ( 1.190,  0.000)
NOK (-1.071,  0.000) (-1.000, -0.000)
NOK (-1.659,  0.000) (-1.000, -0.000)
OK  ( 1.014,  0.000)
OK  ( 0.180,  0.000)
OK  ( 1.173,  0.000)
OK  (-0.260,  0.000)
OK  ( 0.545,  0.000)
OK  ( 2.046,  0.000)
OK  ( 0.240,  0.000)
NOK (-1.387,  0.000) (-1.000, -0.000)
OK  ( 1.533,  0.000)
NOK (-1.173,  0.000) (-1.000, -0.000)
OK  ( 0.723,  0.000)
OK  (-0.384,  0.000)
OK  ( 0.784,  0.000)
OK  ( 0.331,  0.000)
OK  ( 0.047,  0.000)
OK  (-0.784,  0.000)
OK  ( 1.221,  0.000)
OK  ( 1.373,  0.000)
NOK (-1.854,  0.000) (-1.000, -0.000)
NOK (-1.355,  0.000) (-1.000, -0.000)
OK  ( 1.309,  0.000)
NOK (-1.460,  0.000) (-1.000, -0.000)
OK  (-0.233,  0.000)
OK  (-0.378,  0.000)
OK  ( 0.639,  0.000)
OK  ( 0.963,  0.000)
OK  ( 1.653,  0.000)
OK  ( 0.204,  0.000)
OK  ( 0.780,  0.000)
OK  ( 0.218,  0.000)
NOK (-1.140,  0.000) (-1.000, -0.000)
OK  ( 0.230,  0.000)
Apparently failure for x < -1.

Testing positions with a small imaginary component:
NOK (-0.508,  0.010) (-1.000,  0.000)
OK  ( 0.387,  0.010)
OK  ( 0.674,  0.010)
OK  ( 1.705,  0.010)
OK  ( 1.039,  0.010)
NOK (-2.012,  0.010) (-1.000, -0.000)
OK  ( 0.338,  0.010)
OK  ( 0.699,  0.010)
NOK (-0.370,  0.010) (-1.000,  0.000)
OK  ( 1.140,  0.010)
NOK (-1.489,  0.010) (-1.000, -0.000)
OK  ( 0.197,  0.010)
NOK (-0.149,  0.010) (-1.000,  0.000)
NOK (-1.091,  0.010) (-1.000, -0.000)
OK  ( 1.082,  0.010)
NOK (-0.203,  0.010) (-1.000,  0.000)
NOK (-0.431,  0.010) (-1.000,  0.000)
OK  ( 1.540,  0.010)
OK  ( 0.333,  0.010)
OK  ( 0.111,  0.010)
Failure apparently for x < 0.

Testing independence of ``cosh`` on the sign of an arbitrary argument:
 0  OK: (-0.347,  0.484)
 1  OK: (-1.762,  0.171)
 2  OK: (-2.370,  1.348)
 3  OK: ( 0.450,  0.665)
 4  OK: (-2.795, -0.094)
 5  OK: (-0.059, -1.263)
 6  OK: (-1.891, -0.016)
 7  OK: (-1.788, -0.068)
 8  OK: ( 0.375, -1.024)
 9  OK: ( 0.088,  1.205)
10  OK: (-1.010,  1.478)
11  OK: ( 0.238,  1.292)
12  OK: ( 2.430, -1.428)
13  OK: ( 0.178, -1.562)
14  OK: (-0.873,  1.701)
15  OK: ( 1.012,  0.703)
16  OK: ( 0.828,  0.676)
17  OK: ( 0.249, -0.693)
18  OK: ( 0.139, -0.169)
19  OK: ( 0.296,  0.076)
Apparently ``cosh`` is invariant under argument sign swap.
